Kernel           0



Depth           0

          3          12          15 
          0          17          21 
          0          11          16 
Depth           1

         18           8          16 
         24          15           2 
         23          20          22 
Depth           2

         16          17          15 
         14          20           5 
          2           9           0 
Depth           3

          0           5          20 
          7          15           7 
         13          11           2 
Depth           4

          7          22          15 
          5          25          20 
         10          23           9 
Depth           5

         14          19          17 
         24          16           3 
         19           2          17 
Depth           6

          1          25          20 
          4           3          17 
         14          23           3 
Depth           7

         23          13           8 
          2          25           8 
          7           8           7 



Kernel           1



Depth           0

         14           3           1 
         25          20          12 
          1          22          18 
Depth           1

         23          23          21 
         14           9           9 
         23          24           9 
Depth           2

          7          24           2 
         16          22           0 
         24          11           9 
Depth           3

          8          21           8 
          1          18           9 
         22          16           3 
Depth           4

         20           5           7 
         13           6          24 
         22           7          25 
Depth           5

         10          14          25 
         20          16          22 
         17          17          11 
Depth           6

          7           4           5 
         10          23          20 
         16          11          11 
Depth           7

         24          21          23 
         11           2          10 
         24          18          12 



Kernel           2



Depth           0

          0           8          14 
         12          22          11 
         24          20           9 
Depth           1

         16           1           7 
          9           6          17 
         17          22           8 
Depth           2

         14           5           3 
          1          12           5 
         10          10          12 
Depth           3

         16          19           9 
         10          18          18 
         16           5           0 
Depth           4

         21          12          19 
         13           7           1 
          9          13          20 
Depth           5

         18          18          17 
          3           1           2 
         19          16          17 
Depth           6

          4          24           6 
         10          23          13 
          1           2          11 
Depth           7

         22          19          17 
          6           2          12 
          5          18          18 



Kernel           3



Depth           0

         10          15           2 
         11           2          19 
         25          13           5 
Depth           1

         14          10          24 
          7           5           0 
         23          24           4 
Depth           2

         12          19           9 
          5           9           1 
          2          21          25 
Depth           3

          7          25          14 
         12          17          14 
          7           1           6 
Depth           4

         13          18          19 
          1          17          21 
         15           7           1 
Depth           5

         18          23           4 
         12          25           0 
          4           7          12 
Depth           6

         14          19           2 
         22          17          25 
         19          13          14 
Depth           7

          4          16           8 
          4          21          15 
          3          15           6 



Kernel           4



Depth           0

         12           4           5 
         23          17           9 
         11          22          23 
Depth           1

         18           0          20 
         12          10           2 
          8          24           3 
Depth           2

          9          24          14 
          9          23          18 
         20          12          13 
Depth           3

          9          20          14 
         24          12          24 
          1           1          12 
Depth           4

         14          19           6 
         16           7          12 
          4           1           6 
Depth           5

         12          15           6 
          4           2           2 
          1          19           1 
Depth           6

          4          24          23 
         25          23          20 
         25           4           6 
Depth           7

         24           2          24 
         15          16          16 
          2           5          13 



Kernel           5



Depth           0

         15          24          13 
          9          25          18 
          7          23           5 
Depth           1

         10           2           2 
         24          18          14 
         21          24          17 
Depth           2

          5          22          11 
         17          11           4 
         12          15           2 
Depth           3

         13          15           9 
          2          10          14 
          5          15           3 
Depth           4

         11          17           4 
          7          20          25 
         15          14          15 
Depth           5

         12          11           2 
          9           1          10 
         19          14          20 
Depth           6

          8           6          12 
         23          22          20 
         14          14          19 
Depth           7

         18          20          23 
          2           7           5 
          8           6           6 



Kernel           6



Depth           0

         14           0          11 
          4          14          17 
          5          24          12 
Depth           1

         23           1          18 
          8          20          19 
          2          16          20 
Depth           2

         14           8           4 
          9          15           3 
          3          16          12 
Depth           3

         11           3          18 
         18           0          17 
         17          22           1 
Depth           4

         25          18          12 
         15          11           2 
          4           1          25 
Depth           5

          2          13           0 
          5          19          14 
          0          16           4 
Depth           6

          0           6           8 
         19          13          25 
         11           0           6 
Depth           7

          0           7          24 
         22           0           2 
          0           9           0 



Kernel           7



Depth           0

         12           6          12 
         17           4          15 
          3          24          11 
Depth           1

          7          11          13 
          2           8           0 
         20          10          17 
Depth           2

          7          12           8 
          2          25           6 
         11           7           1 
Depth           3

         17          25          20 
         14          17           4 
         16          23          11 
Depth           4

         11          18          18 
         23           1           4 
         11           8          23 
Depth           5

         19          21           1 
         11          11           4 
          1          20           8 
Depth           6

          0           5           9 
         10           5           8 
          7          23           8 
Depth           7

          5          21          23 
         25          15           9 
         12          21          11 



Kernel           8



Depth           0

          9          10          20 
         22          12          18 
         15          17           8 
Depth           1

         20          20           5 
          9           3           4 
          5          25           0 
Depth           2

         25           5          19 
          7          13          10 
          7           0           4 
Depth           3

         22          20          20 
         13          18          10 
         16           8          24 
Depth           4

         20          23          10 
         18          20           8 
         17           3          12 
Depth           5

          6           8          13 
          4          13          25 
         22           3           6 
Depth           6

         12           4           3 
         12           0           8 
         15          23           9 
Depth           7

          4          25           3 
         24          12          14 
          1           9           5 



Kernel           9



Depth           0

          7          20          20 
          4          24          18 
         15          23           4 
Depth           1

          9          21          13 
          1           5           7 
         24           7          10 
Depth           2

          8          10          21 
          0          15          16 
         16           8           9 
Depth           3

          5          23          18 
         24          20           6 
         25          17          14 
Depth           4

          2          15          17 
         12           4          23 
         14          11          17 
Depth           5

         20          16           8 
         14          24           6 
         20          20          17 
Depth           6

         25          24           0 
          3           6          16 
         20          24          17 
Depth           7

         16          11          18 
          8          15           9 
          3          17          12 



Kernel          10



Depth           0

         14           0          16 
          8           3           5 
          2           8          25 
Depth           1

          3          16          25 
          3          14          19 
         11           3           4 
Depth           2

          7          15          19 
         15          16          23 
         17           5          20 
Depth           3

          8           0           2 
          2           2          25 
         12          25          11 
Depth           4

         20          14           8 
         18          20          14 
         12          13          13 
Depth           5

          8          12          25 
         14           1          19 
         21          12           0 
Depth           6

          8          18          14 
         23           1          13 
         19          24           4 
Depth           7

         19           6           0 
          8           8          19 
         19           8           6 



Kernel          11



Depth           0

         24          12          18 
         25          20          23 
         24          11          13 
Depth           1

         17           6           7 
          0          15          25 
          5          16          19 
Depth           2

         18          17           7 
         25           3          16 
         19          17          14 
Depth           3

         22          22          22 
         12          15           0 
          7          12          20 
Depth           4

         17           2          11 
          8          25          20 
          2          22          12 
Depth           5

          2          20           6 
         18           3           4 
         10           1           0 
Depth           6

         16           6          17 
         10          24          10 
         18          11          19 
Depth           7

         23           3           2 
         23          18          15 
         22           9           2 



Kernel          12



Depth           0

         22           0          17 
          4          18          10 
          0          14           9 
Depth           1

         25          19           7 
         21          22           7 
         21           1          25 
Depth           2

          5           1           5 
          7          19          14 
         15           7          22 
Depth           3

         19          17          24 
         21          25          18 
          3           8          16 
Depth           4

         22           5           5 
          3           0          11 
          1           8          16 
Depth           5

          2          21          18 
          7           8          24 
          8          16          22 
Depth           6

         21           9          12 
         19           6           5 
          1          21          16 
Depth           7

          9           6           6 
         12          16           5 
         16          25           3 



Kernel          13



Depth           0

         11          10           2 
          9           8          12 
         24           6          12 
Depth           1

         15           4          13 
          2           4          15 
         17           0           4 
Depth           2

          5          17          23 
         25           3           3 
         14          12          17 
Depth           3

          2          16          24 
         11          25           2 
         13          24          21 
Depth           4

          2          19          21 
          9          16           0 
         16          24           5 
Depth           5

         10           8          19 
          5          17           4 
         13           8          19 
Depth           6

         12          23           3 
          0           5          25 
         18           1          14 
Depth           7

          3          12           7 
         15          16           2 
          9          13           7 



Kernel          14



Depth           0

         21          16          14 
          1          23          11 
         22           5          19 
Depth           1

         25          19           3 
         14          12          17 
         17          12          23 
Depth           2

         15           4          23 
         20          21          15 
         10           7          23 
Depth           3

         20           9           4 
         18           7          13 
         15          22          25 
Depth           4

         15           9          21 
         17           8          10 
          7           4           1 
Depth           5

         12          16           3 
         21          22          16 
          3           1          23 
Depth           6

          3          25           4 
          2           1          14 
          5           2           6 
Depth           7

         17          16          20 
         13           0          19 
         23          21          13 



Kernel          15



Depth           0

         16           1          17 
         19           7          13 
         10          12          16 
Depth           1

         11          24          19 
         23          21           9 
         23           6          18 
Depth           2

         13          24          11 
          1           4          12 
         18          10          14 
Depth           3

         19          19          24 
         20          11          19 
         13           7          15 
Depth           4

         24           7          12 
         24          16           8 
         15          14          17 
Depth           5

          9          20          22 
         10          16          25 
         25          21          16 
Depth           6

          1          16           5 
         22          25          11 
          0          17          11 
Depth           7

         13          17          19 
         23          22          22 
         21          10          21 



Kernel          16



Depth           0

          0           8           0 
          0          18          16 
          1           5           6 
Depth           1

         22          17          15 
         22          13          18 
         12           1           5 
Depth           2

          2           5           5 
         14           1           6 
         14          21           5 
Depth           3

         21           2          12 
         11           0          13 
          8          16           1 
Depth           4

         15          17           2 
          7          25          14 
         25          14          24 
Depth           5

          3           4           5 
         14          10           7 
         24           4           6 
Depth           6

         16          16           5 
         15           8           6 
          9          21           8 
Depth           7

         10          23          13 
         21           9          13 
         23          17          10 



Kernel          17



Depth           0

          8          17          16 
         12          24          12 
          5          12          11 
Depth           1

          0          24          19 
         22          19          15 
         13           5           3 
Depth           2

         15           6          15 
         19          23           7 
         16          24           2 
Depth           3

         17          14          18 
          3          11           5 
         25          12          23 
Depth           4

         12          11          20 
          0           8          15 
         13           2           8 
Depth           5

         13          20          16 
         11          23          16 
         18          20          25 
Depth           6

          5           8          20 
          7          22           5 
         19          18          10 
Depth           7

         10           1          19 
         22           7          11 
          0           9          13 



Kernel          18



Depth           0

         16           3          18 
         19           0          23 
         24           4          13 
Depth           1

         17          13          17 
          0           3          11 
          2           2          19 
Depth           2

         16          25          23 
          1           2          24 
         21          24          20 
Depth           3

         11           0           6 
         12           1          15 
          7           7          12 
Depth           4

         19           2          18 
         15          13          21 
          7          24           1 
Depth           5

          9          11          11 
          3          14          12 
          3          21          15 
Depth           6

          1           6           1 
         25           7          16 
         20          12          18 
Depth           7

         24          12          11 
         20          11          25 
         24          22          10 



Kernel          19



Depth           0

          2          17          16 
          3          18           5 
         24          13          12 
Depth           1

         23          17           9 
         24          14          21 
          2           1          23 
Depth           2

          7          22          16 
         24          18          19 
          5           8           8 
Depth           3

         20          20          11 
         18           7           8 
         13          22           3 
Depth           4

          7          21           2 
         21          12          24 
          4          14          15 
Depth           5

         19          20          24 
          6           3          25 
          5          14           9 
Depth           6

         12           1           9 
         25           2           3 
         10          25           5 
Depth           7

         14           1          13 
         13          20          10 
          1          14           4 



Kernel          20



Depth           0

         15          22          16 
          4          13           1 
         15           1           7 
Depth           1

         19          17           2 
         25           5           4 
          2          24          14 
Depth           2

          2          14           9 
          6          11          14 
          1           3          22 
Depth           3

         16          25          10 
          5          14          21 
         25          25           5 
Depth           4

          5           1           2 
         25           8          20 
         22           1          24 
Depth           5

          2           5          24 
         15          25          24 
         15           4          20 
Depth           6

          4           6          25 
          4           0           2 
         23          15          23 
Depth           7

         17          17           3 
         14          25          15 
         19           4          16 



Kernel          21



Depth           0

         12           1          12 
          5          25          16 
          0          19          24 
Depth           1

         22          10           4 
         16           8           5 
         18           9          17 
Depth           2

          0           4           8 
         14           0           2 
          3          15          23 
Depth           3

          1          25          11 
          8           8          15 
         11          24           9 
Depth           4

         16          16           8 
         21           9          13 
          5          15          22 
Depth           5

          4           2           8 
          5          24          21 
         14          14           0 
Depth           6

         14          25           8 
          7           7          11 
         25          12          21 
Depth           7

          8           8           9 
         14           1           8 
          6           6           1 



Kernel          22



Depth           0

         19           9          18 
          2          10          11 
          8           0          13 
Depth           1

          0          15          20 
         10          19          24 
         10           9           3 
Depth           2

          7          24          10 
         12           2          22 
          7          12           8 
Depth           3

         21           2          21 
         15          17           3 
          8           4          11 
Depth           4

         20          21          11 
         19           2          15 
         19          16           3 
Depth           5

         14          11           5 
          0          11          11 
          0          25          14 
Depth           6

         12           4          13 
         10          12          10 
         14          15          10 
Depth           7

         12          19          16 
         22           1          14 
         16          10           5 



Kernel          23



Depth           0

         18           9           7 
         21           5          10 
          9           4          18 
Depth           1

          1          16          19 
          7           0          18 
         12           9           5 
Depth           2

         18          25           0 
         10          15           1 
          8          22          13 
Depth           3

         15           0           2 
         19           7           0 
          9          13          13 
Depth           4

          0           3          18 
          4          13           6 
         20          16          21 
Depth           5

          6           1          22 
         24           2           6 
         13           5           6 
Depth           6

         21          24           4 
          9           6           8 
          5          22          14 
Depth           7

         13          10          24 
         15          22           7 
          9           8          17 



Kernel          24



Depth           0

         21           8           7 
          0           9          20 
         15           3           6 
Depth           1

         21           7           0 
         14           8           9 
         13           2           5 
Depth           2

         16           9           1 
          7           7          14 
         16          18           1 
Depth           3

          3           0          25 
          1          12           6 
          7          17          21 
Depth           4

         23          14           9 
         11          11           4 
         10          15          16 
Depth           5

         15          14           8 
          2           8           4 
         13           6           0 
Depth           6

         20          12          18 
          3          18          22 
         23          16          20 
Depth           7

          4          16          12 
          9          14           9 
         18           7           6 



Kernel          25



Depth           0

          2           9          10 
         23           8           8 
          7           3          21 
Depth           1

         12          24           4 
          2           3           1 
         15          22           0 
Depth           2

         18          14           8 
         15           4           4 
          2          15          24 
Depth           3

         21          18          25 
         15          23          24 
         16           0          14 
Depth           4

         23          10           2 
          8          20           9 
         13          20           7 
Depth           5

          8           6          12 
         24           4           1 
          9          10          13 
Depth           6

         10          18           8 
         13          23          19 
          9          19          17 
Depth           7

          0          21          14 
         13          23          16 
          7          20          16 



Kernel          26



Depth           0

          0           1          12 
         12          19           1 
          2          16          23 
Depth           1

          2          14          24 
          5          22          25 
          3          17           7 
Depth           2

         21          19           5 
          7           3          12 
          5           9          12 
Depth           3

         24          25          20 
         22           1           7 
          1          18          13 
Depth           4

         11           8           9 
          3           6          21 
          4           3           8 
Depth           5

          6          24          15 
          7          21           7 
          8           0          15 
Depth           6

         18           4          14 
          0           8          22 
         22          16          19 
Depth           7

          9           4           0 
         22           7          18 
         20          11          16 



Kernel          27



Depth           0

         10          17          17 
          5          10           4 
         17           4          10 
Depth           1

         13           7           0 
         25          21          19 
         11          14          21 
Depth           2

         23           7          18 
         18          23           8 
          3          14          12 
Depth           3

         24          25          20 
         24          13          16 
         19           8           6 
Depth           4

         17          10           8 
         10           7          19 
          0          14          15 
Depth           5

          3          16          10 
         12          21          15 
         12           7           5 
Depth           6

         23          18          22 
         10           3           4 
         14          20           8 
Depth           7

         19          19          16 
          5          25          18 
         12          16          12 



Kernel          28



Depth           0

         19          21           5 
         12          14          18 
         16           7           4 
Depth           1

         22          22           0 
          1           1          11 
         21          15           7 
Depth           2

          4          20          13 
         19           6           3 
         18           4           0 
Depth           3

         14           6           7 
          2           6          15 
         25           1          10 
Depth           4

         10           4          14 
         16          13          12 
          1          23           3 
Depth           5

          2          24           6 
         19           5           8 
         10          11           1 
Depth           6

          8           1          14 
          4          23          10 
          3          25           8 
Depth           7

         21           0          11 
         14          12           0 
         21          18          21 



Kernel          29



Depth           0

          9           3          18 
          9           9           4 
          5           7          14 
Depth           1

         12           4           5 
         24           3          21 
          2           9          23 
Depth           2

         11          25          10 
          9          15           2 
         14           6          14 
Depth           3

         16          23          16 
         13          19          17 
         15          16          12 
Depth           4

          0          22          24 
         14          25           9 
         18           0           2 
Depth           5

         13          20           3 
         23           3           5 
         19          11          13 
Depth           6

         20          13           0 
          9          17           7 
          5          16          19 
Depth           7

         20          21          20 
         21          11          13 
         13           5           0 



Kernel          30



Depth           0

         11          11          19 
         13          14           3 
         24           2          24 
Depth           1

         21           3           2 
         21           0          22 
         10          19          22 
Depth           2

         10          22          21 
         22           4          15 
         17          22          25 
Depth           3

          8           2          20 
          3          19           8 
         20          20          20 
Depth           4

         13          25           5 
         11           9           5 
         24          17          16 
Depth           5

         14           3           4 
         23          25          21 
         13          19           4 
Depth           6

         21          12          11 
          6          19          20 
          2           0          23 
Depth           7

         15          14          19 
          2           4          25 
         22          12          13 



Kernel          31



Depth           0

         15          23           1 
          3           4           3 
         10          16           7 
Depth           1

          7          11          10 
         21          10          20 
         13           2          12 
Depth           2

          9           2          12 
         17          19           6 
         15           9          16 
Depth           3

         17          21           1 
          4          17          21 
         24          18           8 
Depth           4

         11           9          13 
          0           6          25 
          3          18          25 
Depth           5

         19           8           6 
          1           6           5 
         11          13           2 
Depth           6

         20           8           9 
         12          13           3 
          5          24           9 
Depth           7

          0          12          14 
          2           9          14 
          7          22           6 



Kernel          32



Depth           0

         16           3           8 
          8          17          12 
         22          15          20 
Depth           1

         11          16          12 
         11          21          23 
         20           3          24 
Depth           2

         20          18           2 
         22          25          20 
         19           9           2 
Depth           3

          4          25           7 
         18          22           6 
         22           8           1 
Depth           4

          1          24          15 
          5           5          22 
         22           9           7 
Depth           5

         19          15          10 
         20           2           1 
          5          12          23 
Depth           6

         17           7           1 
          3           7          19 
         20          22          19 
Depth           7

          0           0          17 
          3           4          17 
          3          18           1 



Kernel          33



Depth           0

         18          11          24 
          4          17           8 
          2           1           1 
Depth           1

         22          25          15 
          2           1          21 
         15          21          23 
Depth           2

         22           0          25 
         19           5           3 
          0          24          17 
Depth           3

         25          13          22 
         16          12          11 
          6           4           0 
Depth           4

          2          10           3 
         16          11           0 
          6           2          15 
Depth           5

          8           8          16 
         11           4           8 
          2          19          20 
Depth           6

         12          23          20 
          9          23           2 
          5          11          15 
Depth           7

         10           7          17 
          7          10          18 
         14          24           2 



Kernel          34



Depth           0

          3          24           2 
          0          18          25 
         11          20          15 
Depth           1

          4           3          13 
         13           2          21 
         23          15           8 
Depth           2

         22           6          12 
         12          22           0 
         12           2          25 
Depth           3

          2          13          24 
         21           8          17 
         17          17          25 
Depth           4

         20          23           4 
          3          16           3 
         18           6          12 
Depth           5

         14           5          13 
         21          19          24 
         18           9          10 
Depth           6

         12           1          17 
          6           3          20 
          6          25          14 
Depth           7

          6           6           2 
         17           4          21 
          9           1          10 



Kernel          35



Depth           0

         14           9           9 
         19          25           6 
         17          19          16 
Depth           1

         10          14          18 
          0          20          10 
          4          18           9 
Depth           2

         15          14           3 
         15          21          20 
         25          23          13 
Depth           3

         11          21          14 
          5          16          11 
          9           5           5 
Depth           4

         15          23           7 
         20          11          17 
          2           6          19 
Depth           5

         11           3          24 
         18          19           3 
          4          19          13 
Depth           6

          7           1          14 
          7           9           5 
         22           7           5 
Depth           7

          6          15          10 
         15          13          20 
         12           1          13 



Kernel          36



Depth           0

          3           6          18 
          3          10          19 
          9          10          19 
Depth           1

         21           4          12 
          2           6           4 
         14           0           6 
Depth           2

          4          21          14 
         13          12           1 
          4           5          21 
Depth           3

         14           3          23 
         14          23          10 
         21           9           8 
Depth           4

         25           7           3 
         19          13          10 
         11           0          19 
Depth           5

         14          24          23 
          4           0          20 
          9          25          17 
Depth           6

         20           2           6 
         16           1           2 
         22          24          13 
Depth           7

         17          17          24 
         21          20           2 
         23          21          15 



Kernel          37



Depth           0

          6           7           5 
          2          25          15 
         13           3          12 
Depth           1

         14          15           2 
         19           8           3 
          9          20           4 
Depth           2

          8          22           0 
          8           7           1 
         21          18           2 
Depth           3

          5           4          24 
         18          25          12 
          2          13           3 
Depth           4

         17          21           5 
         16          22          24 
         17          18           6 
Depth           5

         17           9          25 
         17          25           9 
         23          10          11 
Depth           6

         18          21          12 
          6           5          11 
         13          24          14 
Depth           7

         23           8           1 
          3           6          25 
          9          24          25 



Kernel          38



Depth           0

         15           1          21 
          0          25           3 
          6          13          18 
Depth           1

          2           5          24 
         22          11           7 
         10          10          21 
Depth           2

         17           5          14 
         13           8           8 
         11          24           1 
Depth           3

         23           2          10 
         16          21          15 
         11           3           8 
Depth           4

          3          22          11 
         10          15          18 
         15          20          11 
Depth           5

         16           9           3 
         19           9          23 
          8          14          17 
Depth           6

         25          13          21 
         12           8          24 
         12          17          21 
Depth           7

         16           3           8 
         17          11           7 
         21           7          20 



Kernel          39



Depth           0

         16           5          22 
          2           6          22 
         17          14           3 
Depth           1

         15          24          15 
          5          10           2 
          7          20          25 
Depth           2

         15          17           0 
         24           3          18 
          5          19          20 
Depth           3

         23          25          13 
         11          12           4 
         22          14          14 
Depth           4

          5           6          21 
          9           7          11 
         15           5          20 
Depth           5

          2          19          12 
         20           8          22 
         24          22           6 
Depth           6

          7          18           6 
         22           0          21 
          8           1          19 
Depth           7

          0          20           0 
          4          11          24 
          2          10          11 



Kernel          40



Depth           0

         25          15          12 
         12           0           2 
         23          20          16 
Depth           1

         16          25          24 
         24          13          20 
          0           8          23 
Depth           2

         14          14           5 
          6          12           1 
         24          15           0 
Depth           3

         15           6           1 
          6          17          13 
         20          21           4 
Depth           4

         17          18          23 
         19          19          18 
         17          12          14 
Depth           5

         11           9           9 
         15          14           4 
         19           4          19 
Depth           6

          6           1          17 
          7          17           7 
         12          21          21 
Depth           7

          2          17           2 
         23          18          22 
         25          17           2 



Kernel          41



Depth           0

         14          14          25 
         11          15           9 
         15          24          24 
Depth           1

         10          25           0 
          6          22          24 
         10          16          11 
Depth           2

          4           6          11 
         16          25          15 
          9          14          22 
Depth           3

         20          10           5 
          6           2          14 
         17          17           4 
Depth           4

         21           9           9 
         15           3          15 
         18          20           3 
Depth           5

          7           9          19 
          2          16           4 
          6          25          13 
Depth           6

         17           4          21 
         24           8          15 
         10           4           7 
Depth           7

          7           2          21 
          2          22          21 
          2          18          10 



Kernel          42



Depth           0

          4          25          10 
          8          21          22 
         16          17           8 
Depth           1

          1          16           7 
         20           0           1 
         16          10           9 
Depth           2

          3          19          16 
          7          15          16 
         12          14          11 
Depth           3

         23          22           8 
          4           5          16 
         10          13          13 
Depth           4

          0          15           0 
          0           8          25 
         12           3          24 
Depth           5

         24          11          14 
         11          15          25 
         18           8          22 
Depth           6

         13           0           0 
         11          22          17 
          5           5           0 
Depth           7

          1           2          19 
         18           3           5 
          8          10           8 



Kernel          43



Depth           0

         19           5          11 
         11          12          21 
          0          10          24 
Depth           1

         24          25           0 
         10           5          16 
         12          14          10 
Depth           2

         14          14           7 
         23           4          18 
         20          14          10 
Depth           3

          1          23           5 
          7           3          16 
         17          11          25 
Depth           4

         17           9           2 
          0           4          23 
          8           5           0 
Depth           5

         23           8          18 
         12           4          25 
          1          24           0 
Depth           6

          2           0          16 
          2          10          14 
          1           1          24 
Depth           7

          2          13          23 
         16           6           7 
         24          16           5 



Kernel          44



Depth           0

          1           6          20 
         11          19           2 
         24           1          24 
Depth           1

         11           7           9 
          5          19           7 
          1          18          23 
Depth           2

         14          15          22 
         17           7          11 
          0           1          24 
Depth           3

          2          17          24 
         22          16          18 
         13           3           4 
Depth           4

          9          25          24 
         10          20           0 
         11           5           3 
Depth           5

         12          20           4 
          3           2          22 
         25          21          24 
Depth           6

          8          16           5 
         23           4           7 
         14          19           3 
Depth           7

         17          24          22 
          5          20          20 
         16           1           9 



Kernel          45



Depth           0

         11          18          12 
         24          15          22 
         17          16          12 
Depth           1

         20           8          10 
          8          15          24 
         15          17          24 
Depth           2

         13          15           5 
         18           1           0 
          0           9          19 
Depth           3

          7          16          13 
         12          21           9 
         22          16          16 
Depth           4

         24           0          13 
         23           4           5 
          7          14          15 
Depth           5

         23          18           7 
         25           5          13 
          7           0           6 
Depth           6

         20           4           5 
          5          22          20 
         24           4          24 
Depth           7

          7          17          15 
          2          14          14 
         10          25          10 



Kernel          46



Depth           0

         14           8          11 
          6          18          19 
         18          10          15 
Depth           1

         11          14           8 
          3          25          24 
          7          20          18 
Depth           2

          1          10          13 
         18          12          15 
         18          14          21 
Depth           3

         23           1          14 
         23          15           1 
         16           3          14 
Depth           4

          9          10           4 
          7          12          11 
          7           9          19 
Depth           5

          0           3           6 
         12          21          25 
         23          22          24 
Depth           6

          9          22          22 
         15          14           9 
         23          10           5 
Depth           7

          2           3           7 
         20          12          20 
          4           1           7 



Kernel          47



Depth           0

         10          16          13 
          8          19          11 
          8           0          17 
Depth           1

          6           7           3 
         12          25          17 
         24          10           3 
Depth           2

         17          24          11 
          5          25          18 
          6          12           9 
Depth           3

         10          13           4 
         21          24          15 
         13          14          21 
Depth           4

         11          15          24 
          7          16           0 
         15          24          24 
Depth           5

          8           5          22 
          0           8          17 
         15          20          12 
Depth           6

          3          20          12 
         18           1           2 
          9          21          14 
Depth           7

         18          22           8 
         15          15          13 
         11           1          19 



Kernel          48



Depth           0

          2           6          25 
         21          12           0 
         22           7          13 
Depth           1

          9           4          16 
          2          22          16 
          9          22          23 
Depth           2

         11          16          16 
         15          15          21 
         19          14          22 
Depth           3

          5          18           5 
         11          15          10 
         16           2          14 
Depth           4

         13           4          11 
          8          25          13 
          6          13          11 
Depth           5

         17           7           7 
         13           9           8 
         13           9          13 
Depth           6

          0          15          22 
          7          11          12 
         21          13           6 
Depth           7

         17           0          23 
          5          23          25 
         13          21           1 



Kernel          49



Depth           0

         15          24          14 
         22           2          20 
         25           0          23 
Depth           1

          6          19          18 
         17          13          20 
         14           6           8 
Depth           2

          5           7          24 
          2           1           2 
          2          17           9 
Depth           3

          7          14          12 
          6           9          12 
         19           1           6 
Depth           4

         23          12          18 
         10          15           8 
          3          22          12 
Depth           5

          3           9          25 
         22           7          24 
         11           5          18 
Depth           6

         14           3           0 
          5           4           8 
          4           2          24 
Depth           7

          9           3          18 
         19          22           6 
          8          23           0 



Kernel          50



Depth           0

          0           2          15 
         23          21           7 
         22          24           0 
Depth           1

         10           0          16 
         21           7           0 
         23          12          17 
Depth           2

          8          15           4 
          7          25          15 
          6          12           7 
Depth           3

         24           6           0 
          4          22           6 
          0           6          14 
Depth           4

         18          16           1 
         12          13           8 
         15          10           3 
Depth           5

          6          10          19 
          1          13          20 
         21          23          23 
Depth           6

         16          10           1 
          6           4           2 
         23           6          12 
Depth           7

          3           0          17 
         18          17           3 
          6          21          21 



Kernel          51



Depth           0

          0          18           5 
          1           6           4 
          1          10          12 
Depth           1

         19          14          23 
         25           4          12 
          4           3          23 
Depth           2

         17          23           0 
         19          21           8 
          1           3           0 
Depth           3

         13          16          21 
          0           2          22 
         20          11           7 
Depth           4

         15          20          19 
          8           5           1 
         17           6          11 
Depth           5

          3           7          17 
          7          15          14 
          1          17          13 
Depth           6

         19          20          24 
         20           6          13 
         18          24           9 
Depth           7

         12          11           1 
         24           4           4 
          3           5           7 



Kernel          52



Depth           0

          3          22          16 
         20           0          12 
         19          25          22 
Depth           1

          5          21          18 
          0           5          23 
          4          19          14 
Depth           2

         23           3          17 
          5          22          25 
         20           1           3 
Depth           3

         19           4          15 
          8          17          25 
          0          16           6 
Depth           4

         10           0          12 
         19           8          21 
         18          25          13 
Depth           5

         23          15          11 
          3           3          10 
         17          15           1 
Depth           6

          5           8          15 
         21          13          11 
          5          14           9 
Depth           7

          8          13          10 
         11           7           1 
          4          19          13 



Kernel          53



Depth           0

         10          18           5 
         18          17          22 
         15           6           9 
Depth           1

         11          11           9 
         15          18          23 
          0          11           7 
Depth           2

         16           7           1 
         17           7           5 
         20          12           0 
Depth           3

         19          15           2 
         16           7          19 
         16          17           2 
Depth           4

          2          17           6 
          2           3           2 
          5          24          17 
Depth           5

         23          16          11 
         18           0          25 
          1          13          11 
Depth           6

         12           7          16 
         19          23          14 
         23          21           1 
Depth           7

          8          25          24 
         13          18          19 
         20           2          10 



Kernel          54



Depth           0

         24          23          21 
         12           2          23 
          0          12           1 
Depth           1

         13           5           3 
          0          23          12 
         15          13           2 
Depth           2

         11          14          23 
         17          14           6 
         11          12           7 
Depth           3

         12          20          18 
         17          24           5 
         23           2           4 
Depth           4

          5           2          12 
          9          25           8 
         11           9           7 
Depth           5

         20          15          22 
         12          24          25 
         14           9           0 
Depth           6

         16          25          23 
         23          17          23 
          4          24          25 
Depth           7

         20           8           5 
          8          16          21 
         21          16          16 



Kernel          55



Depth           0

         13          20           1 
          0          10          18 
          4           5           5 
Depth           1

         21          23          10 
         13          23           4 
         23           3          24 
Depth           2

         21           9          14 
          9          17          15 
         20           1           9 
Depth           3

         23          12          10 
          8          14           9 
          4           1          19 
Depth           4

          5           4          23 
         21           0           2 
         18          10           3 
Depth           5

          5          15          12 
          9          17          22 
         17          24           3 
Depth           6

          3           7          24 
          7          12          21 
          8           0           2 
Depth           7

         21          20           1 
         16           9          11 
         25          14          12 



Kernel          56



Depth           0

         20          12           3 
         15           1          13 
         17           2          21 
Depth           1

         15           9          15 
         24           6          22 
         17          10          21 
Depth           2

          5          14          17 
          6          23          23 
         25           0           4 
Depth           3

         14          19           4 
         18          12           5 
          3           9          21 
Depth           4

          1           3          15 
         25           6           0 
         24          19           6 
Depth           5

          4           1          10 
          7          20           2 
         18           8          11 
Depth           6

         21          14          23 
          7          10          12 
         18           0           4 
Depth           7

         13          25           2 
         23          21          21 
          2           4          25 



Kernel          57



Depth           0

         19           3          22 
         21          15           5 
          6          21           8 
Depth           1

          6          16          16 
         20           1          21 
         17          21          13 
Depth           2

         17           3          16 
         24           8          18 
          3          17           0 
Depth           3

         12          18          19 
          6          18           1 
         18          21          19 
Depth           4

         23          20          19 
         10          17          13 
         25           4          22 
Depth           5

          8           6          10 
         14          23           2 
         10          10           1 
Depth           6

         18          24          16 
          8          23          24 
          3          19          16 
Depth           7

          0           9          10 
         16           1          22 
          7          19          20 



Kernel          58



Depth           0

         21          14          19 
          0          24           5 
          8          14          10 
Depth           1

          4          12          15 
         23           0           3 
         18           6           1 
Depth           2

         16          14          12 
         13           6           9 
         16           7          21 
Depth           3

         22           5           0 
          6          11           4 
         23           2           1 
Depth           4

         19          10           9 
          9          16          15 
          8          24           9 
Depth           5

         15           9          21 
         20          15          14 
         25          20           1 
Depth           6

          2          23           9 
         12          18           7 
         14          11          12 
Depth           7

          6           6           2 
         13           8           8 
          1           7          23 



Kernel          59



Depth           0

         25           6          13 
         15           7           5 
         20          23          21 
Depth           1

         16          19           8 
         18          10           2 
         14          17          14 
Depth           2

         17           6           4 
         21           4           1 
         23          25           8 
Depth           3

         20          16           3 
         12           1           7 
          8          18          20 
Depth           4

         15           2           3 
         15           2          12 
         24          14          17 
Depth           5

          6           0          11 
         10          22           6 
         16           6          12 
Depth           6

         23          17           8 
          1          12          15 
         20          23          23 
Depth           7

         14          19           5 
         15           5           5 
         17          12           4 



Kernel          60



Depth           0

          8          16          21 
         23          19          15 
          0          24          11 
Depth           1

          1          12           8 
          7           2          22 
          8          17           7 
Depth           2

         11           4           9 
          8           5           6 
         14           0           6 
Depth           3

         20          13          19 
         11           0          22 
         10          20          11 
Depth           4

         12          25          22 
         24          17          15 
         12           8           5 
Depth           5

         14           9          24 
         17          13          22 
         19           0           6 
Depth           6

         10           3          20 
          0          18          25 
         21          12           9 
Depth           7

          7          17          14 
          9           6          14 
          7           7           6 



Kernel          61



Depth           0

         12           6          23 
          4          11          10 
         18          20           8 
Depth           1

         17           9           5 
         16          13           9 
         11           3          16 
Depth           2

          2          23          25 
         20          19           4 
         14          15          18 
Depth           3

          7           4          22 
          9          12          20 
          2           4           9 
Depth           4

         14           6          22 
         25           1           4 
         21          10          18 
Depth           5

          4          20          16 
          3          15          19 
         24          21          15 
Depth           6

         18          19           9 
          3           5          21 
          9          17          18 
Depth           7

         24           1           8 
          9          21           5 
         23           6           2 



Kernel          62



Depth           0

         20          12          23 
          5           8           3 
         22           1           2 
Depth           1

         17           0          20 
         21          19          13 
         15           9           3 
Depth           2

          1           8          15 
         17           8           4 
          9           4           9 
Depth           3

          1          10          16 
         16           0          21 
          1          23          21 
Depth           4

         11           7          21 
         15          22          20 
         11          23           4 
Depth           5

         17          17          15 
          1           3          20 
         17          12           4 
Depth           6

          5           5          17 
          1           2          24 
         22          18           8 
Depth           7

          8          19          17 
         21          20          15 
          3           7          23 



Kernel          63



Depth           0

         21           9           4 
          9          20          18 
          5           9          23 
Depth           1

          8          25          24 
         19           1          11 
          7           6          24 
Depth           2

         19          18          21 
         25           1          18 
          8          11           3 
Depth           3

         25           7          25 
         11          23           3 
          9          20           8 
Depth           4

          1          15           0 
          6          22          15 
         24          22          18 
Depth           5

         10           3           1 
         11          17          14 
         21          11           2 
Depth           6

         20          23          16 
          3          22          17 
         10          17           5 
Depth           7

         22           6          18 
         10          24          13 
          1           1           4 



