Kernel           0



Depth           0

         23          18           0 
         24           8           7 
         23          15          15 
Depth           1

         17           9          24 
          6          14          15 
         13          10           3 
Depth           2

         12           6           0 
         13           2          11 
         14          12          15 
Depth           3

         22          14          10 
         17          24          10 
         11          19          14 
Depth           4

         18          21           6 
         23           6          17 
         10          10          13 
Depth           5

          4          19           9 
          3          12          24 
         16          14           0 
Depth           6

          7          17          17 
         12          15           0 
         20           4          12 
Depth           7

         21           1          25 
         19          11           5 
         25          17           6 



Kernel           1



Depth           0

         16          19          19 
         20          14          23 
         24          19           5 
Depth           1

         18           8          19 
         22           3          22 
         22           9          24 
Depth           2

         13           8           1 
         21          17           2 
          0          16           4 
Depth           3

          0           8          10 
         14          16          13 
         24           3           3 
Depth           4

          5           2          16 
          3          25          22 
         15           5          22 
Depth           5

         15          12          10 
          6           5           4 
          5          14           6 
Depth           6

         12           1          21 
          0           1          22 
         23          24          25 
Depth           7

         10          12           9 
          4           4          15 
         19           5          16 



Kernel           2



Depth           0

         21          11           1 
          5           8          20 
         13          11          19 
Depth           1

          4           1           7 
          4          15           4 
         24           2          21 
Depth           2

          6           7          19 
         11          11           1 
         21          15           0 
Depth           3

         21          20           0 
          3           4          22 
         13          20          21 
Depth           4

         13          24          10 
          1           0           5 
         20          18          18 
Depth           5

         19           2           1 
         21           6           8 
          0           1          21 
Depth           6

         18          24           1 
          5          14           6 
          2          12          24 
Depth           7

          9          22          13 
          3          10           1 
         12          15          10 



Kernel           3



Depth           0

         25           7          19 
         15          13          20 
          2           3          14 
Depth           1

         16           0          22 
         22          12          22 
          3           2          12 
Depth           2

          9           9          22 
          8           3           1 
         13           9          21 
Depth           3

          3           0          12 
          5          18          20 
         13          25           8 
Depth           4

         12          16          17 
         21          10          12 
         20           6          22 
Depth           5

         25          24          24 
          5          17          23 
          3           6           5 
Depth           6

         11           9          14 
         23           9          14 
         22           8          17 
Depth           7

         12          14          19 
          4          16          18 
          7           7          18 



