Kernel           0



Depth           0

          1           9          12 
          1          15           8 
         17          15          11 
Depth           1

         20           0           0 
         17          23           1 
          8          23           4 
Depth           2

         12          16           5 
          5          14          23 
          2           6           6 
Depth           3

         12           2          22 
         24          14           2 
         14           6          22 
Depth           4

         10           5          19 
          9          14          10 
          5           6          10 
Depth           5

          6           0          21 
          9          18           6 
         18          12          12 
Depth           6

         16          18          10 
         13          20           1 
         13          17          20 
Depth           7

          8           8          11 
         23          17           0 
          3          15          25 
Kernel           1



Depth           0

         13          25           4 
          1          16           4 
          7          21           7 
Depth           1

          8           9          23 
          2          20           1 
         23          25          23 
Depth           2

         15           2           3 
         14           4          12 
         15          25          10 
Depth           3

          1          21           4 
         18          15           8 
         14          17          12 
Depth           4

         11          16          11 
          2           0          14 
         23          16          17 
Depth           5

         19          25           0 
         19           7          19 
         14           2          17 
Depth           6

          1          25          22 
          2           4           0 
         10           0          18 
Depth           7

          3          12          19 
          0           7           6 
         10           7           3 
Kernel           2



Depth           0

          5          16           7 
          8          20           3 
          0          19          14 
Depth           1

         17           4          22 
          4           9          15 
         19          18           8 
Depth           2

         18           6          25 
         14          22           8 
         13           7          10 
Depth           3

         12          16          20 
         19          21          22 
         13          22          17 
Depth           4

         17           2          20 
          0          16          10 
         19           3           0 
Depth           5

         14           4          18 
          8           3          19 
          4          17          24 
Depth           6

         18          24          23 
          1          18           8 
         20           8           8 
Depth           7

         10           1           7 
         12          17           3 
         18           7          18 
Kernel           3



Depth           0

         16          22           1 
         14          13           0 
         19          24           1 
Depth           1

         25           2          14 
          2           2          18 
          6           4          16 
Depth           2

         24           6          23 
         11           3           1 
         19           6          22 
Depth           3

         14          14          12 
          7           5          10 
         10          10          23 
Depth           4

         11          22          23 
          2          11          11 
          8          11           7 
Depth           5

         19           3          25 
         16          10          18 
         16          16           0 
Depth           6

         11           6           1 
          5          16          24 
         25          17          18 
Depth           7

          8          21           1 
          1           3          20 
         13          11           7 
Kernel           4



Depth           0

         16           3           6 
          1           9          18 
         13          18           1 
Depth           1

         23          24          22 
          1           9          19 
         11          15          22 
Depth           2

         22          25          20 
         11           6          18 
          6          22          24 
Depth           3

         12          10          16 
          0           4          20 
          2          18          14 
Depth           4

         22          20          12 
         13          15          23 
         11          19          16 
Depth           5

         16           4           5 
         22          15           0 
          5          13           0 
Depth           6

          4          10          12 
          2          12          16 
          3           3           6 
Depth           7

         16          19          14 
          0          16          14 
          5          14          13 
Kernel           5



Depth           0

         19          24           3 
          9           2          10 
         12           8          22 
Depth           1

         11           4           1 
         13           3           7 
          7          24          10 
Depth           2

         13           5          11 
          4          11          14 
          9          22           9 
Depth           3

         12           3          21 
         23          24           6 
         21          22          21 
Depth           4

         18          22          22 
         23           9          12 
         14          11          20 
Depth           5

          2           8          12 
         12          22          16 
         18          15          25 
Depth           6

          4           0          10 
          9          16           8 
          8          10           7 
Depth           7

          3          10           2 
          1          20           2 
          5           2          11 
Kernel           6



Depth           0

          3          24           3 
         13           5           0 
         21          14           5 
Depth           1

          0           8          25 
         24           4          25 
         16          20           7 
Depth           2

          2           0           5 
         25          17          20 
         19           3          11 
Depth           3

          4          15           6 
          9           7          15 
         17          18           2 
Depth           4

         10           5           2 
          2           6          14 
          9           0           2 
Depth           5

          3           6          20 
         15           9          18 
         14          17          22 
Depth           6

         20          15          12 
         25           0          18 
         10           1           6 
Depth           7

         20          14          23 
         14          21           9 
          3          13           1 
Kernel           7



Depth           0

          5           0          22 
         13          22          19 
         23          14          25 
Depth           1

          3          11          12 
          0          25           0 
         12          23          15 
Depth           2

          0           9           2 
          0          16           7 
          3           6          11 
Depth           3

         20          16           8 
         10           9          10 
         24          25          24 
Depth           4

         22          25          19 
         23          25          10 
          1           4          16 
Depth           5

         17          11           1 
         11          12          21 
         24          11           6 
Depth           6

         21           8          17 
         22          15          19 
         15           8          17 
Depth           7

          9          25          13 
         13          24          20 
          6          11           9 
Kernel           8



Depth           0

          2          11          25 
          2          13          23 
          9          12          16 
Depth           1

         15           4          17 
         17          21          21 
          2          19           9 
Depth           2

          3           0          11 
          6          13          23 
         25           8          25 
Depth           3

          9           5          19 
         11           1          23 
         16           3          25 
Depth           4

         17          20          23 
         15          18          19 
         14          11          20 
Depth           5

          2          24          13 
          1           4          13 
         23          18          25 
Depth           6

         18          13          25 
         10          16           1 
         24          17           0 
Depth           7

          1          10          21 
         24          14          20 
         11          18          12 
Kernel           9



Depth           0

         21          25          18 
         19          19           8 
          8          17          12 
Depth           1

          7          21          22 
          4          24          20 
         12           5           6 
Depth           2

          0          13          21 
          6          23          13 
         25          20          10 
Depth           3

          0          20          14 
         18          22          15 
          0          14          21 
Depth           4

         10           4          14 
         15          17           1 
          9          12           2 
Depth           5

         25           6          18 
         24          23          23 
          3          10          18 
Depth           6

         20          17          11 
          4          10          25 
          8           8           8 
Depth           7

          0           8           7 
         24          19          21 
         13           3           7 
Kernel          10



Depth           0

          7           4          20 
         14           0          15 
          7           0          10 
Depth           1

          6          17          20 
         25          18           2 
          4          22           6 
Depth           2

         24          19           3 
         13           0           9 
          4          24           5 
Depth           3

         12           7           3 
         13           6          16 
          4          24          25 
Depth           4

          2           8          16 
         20          11           0 
         20          11          16 
Depth           5

         14           9          19 
         10           1          18 
          7          12          18 
Depth           6

         13          23           3 
         18          21          21 
          8           6          14 
Depth           7

         25          19          19 
         22          19           1 
         12           1          25 
Kernel          11



Depth           0

         13          20           0 
          9           1           3 
         16           8          17 
Depth           1

         13          24          18 
         16           6          20 
          1          16          23 
Depth           2

         21           4           8 
         17          22          20 
         14           0           1 
Depth           3

         14           3          21 
         17           8          21 
         25          21           5 
Depth           4

         11          23           4 
         23          21           2 
         24           6           1 
Depth           5

          4           2          21 
         12           0          18 
         17          22           5 
Depth           6

          7           5          15 
         16           6          14 
          4           4          24 
Depth           7

         18          16           3 
         15          25          19 
         18          17           6 
Kernel          12



Depth           0

         16           6           0 
         23          14           5 
         25           1          11 
Depth           1

         17          19           6 
         25          23           9 
         24          19          24 
Depth           2

         10          16          11 
         10          18          17 
          7          11          19 
Depth           3

         10           0          22 
         23          15           1 
         20          19           0 
Depth           4

         20           9          24 
         21           4          16 
         25           3          10 
Depth           5

         16           9          23 
         20          21           2 
         16          20           1 
Depth           6

          0          15           8 
          2          17          21 
          1          24           6 
Depth           7

         18          23          23 
         20           5          24 
          6           8           5 
Kernel          13



Depth           0

         14          13           2 
         24           6          22 
          6          16           6 
Depth           1

         10           7          19 
         10           2          20 
          1          23          12 
Depth           2

          5          16          18 
         17          18          25 
          5           3           1 
Depth           3

         17           9          14 
         10          19          11 
         13          24           1 
Depth           4

         18           9          18 
          9          14           2 
         21          17           8 
Depth           5

         14           2           4 
         25          16           1 
         10          24           7 
Depth           6

         14          21           3 
         15           0          16 
         16          10          25 
Depth           7

          5           2          23 
         18          25           8 
         12          22           4 
Kernel          14



Depth           0

         12          22          18 
          8          18           4 
         24           6          21 
Depth           1

         19           8           4 
         22          15           8 
          8          13           0 
Depth           2

          0           9          23 
         16          13           8 
         23          25          20 
Depth           3

         24          10          16 
          7           1          10 
          2          13          14 
Depth           4

         12           3          25 
         22          16          17 
         10           5           5 
Depth           5

         17           1           3 
         11           7           7 
         25          21          17 
Depth           6

          2          12          20 
         17           1           3 
          1           8           7 
Depth           7

          6           4          11 
         17          19          22 
          8          22          10 
Kernel          15



Depth           0

          9          10          18 
          3           7           0 
          3          21          25 
Depth           1

         21          20          18 
          3          17           4 
         20          18          16 
Depth           2

         22           5          14 
         13           2           3 
         18          24          10 
Depth           3

         21           3           3 
         18          18          18 
         10          18          23 
Depth           4

         20           8          24 
         22          23           3 
          2           4           4 
Depth           5

         16           8           4 
         12          20          25 
         13          13          15 
Depth           6

         18          22           7 
         24           4          23 
         22          25           0 
Depth           7

         22           1           1 
         14           2           7 
          4           2          25 
Kernel          16



Depth           0

          2           7           2 
          4          10          16 
          2          19          19 
Depth           1

          7           8          13 
         21           0           0 
          9          22          21 
Depth           2

          4          10           1 
          6          15          20 
         15          20           1 
Depth           3

         14          20          13 
         20          18          25 
          4           6          21 
Depth           4

          8           7          15 
          7          17           6 
          4          19          22 
Depth           5

          5           2           9 
          6           4           5 
         16          24           0 
Depth           6

          5           8          17 
          5          11           7 
          7          18          14 
Depth           7

          0           5           6 
          0           6          19 
         14          15           3 
Kernel          17



Depth           0

          0          10           1 
          3           4           8 
         23           4          13 
Depth           1

          1           6           8 
         25          17          18 
          4          22          20 
Depth           2

          1          22           3 
         12           4          21 
         19          11           6 
Depth           3

         19           1          13 
         22           3          17 
         13          18          20 
Depth           4

          2           8          19 
         23          14           4 
         13           0          13 
Depth           5

          7          24           0 
          9          12          16 
         18          17          17 
Depth           6

          4          15          11 
          1          15           4 
         16           6          15 
Depth           7

          9          12           0 
         10          24          17 
         25           8          13 
Kernel          18



Depth           0

         17           0          18 
          7          15          12 
          7          10           5 
Depth           1

         24          20           2 
          1           8           3 
         23          20          12 
Depth           2

         18          12          10 
          3           0           3 
         20          14           3 
Depth           3

         23          17          10 
          6          18          24 
          6          22           7 
Depth           4

          7          17          19 
         18          15          17 
         22          16           2 
Depth           5

          0          15          13 
          5           4          20 
          9          22           6 
Depth           6

          2          25          14 
         24          23           9 
          3           2          15 
Depth           7

         10           0           8 
         15          15           2 
          3          19          20 
Kernel          19



Depth           0

         17           7           9 
         17          20           6 
         10           8          13 
Depth           1

          6          19           7 
         14           5           3 
         12           8          18 
Depth           2

          5          16          15 
         10          18          11 
         23          15          15 
Depth           3

         18          21           7 
          3          20          23 
         22          24          23 
Depth           4

         12           4          25 
         22          11          22 
         13          10          16 
Depth           5

          6           3          16 
         23          20           1 
         10           1          11 
Depth           6

          6           8          16 
          5           3          15 
          0           7           6 
Depth           7

          4           5          25 
         13          18          23 
         13          11          23 
