 4721  7752  7560  7845  8361  8016  7169  6493  6866  7326  8170  7787  7170  8227  8009  7528  7315  8040  8063  4120 
 6843 12407 12439 11484 12762 11810 10639  9784  9780 10917 12484 11750 11432 12453 10455  9926 10867 12334 11137  6833 
 8679 12615 11465 12660 13091 12031 11081 11327 11232 11399 11413 11152 10022 10210  9848 11050 10433 11716  9417  7623 
10907 12527 11095 12418 12774 11840 11817 11099 11535 11899 12076 11829 11384 10590  9908  9165 10619  9574  7873  6968 
11869 12075 11638 11355 11052 11389 11515 11445 11320 11498 10402 10785 10327 10464 10267  9362  8930  7035  6832  7119 
11505 11374 11026 11808 11149 11927  9861 10536 10228 11406 12120 10886 11440 10476 10826  8364  8053  7022  7227  9915 
11053  9521 11819 10578  9161 10243  9453 10564 10714 10465 11843 10911 11558 10510 10063  8296  7662  8246  9535 10721 
10419 10626 11417 10278  9919  9707  9672  9504 11352 11110 11445 10634 11957  8201  8574  6755  8192  9825 11034 11239 
11952 10423 11829 10273 10944 10707  9638 10282 11368  9895 10448 10708 10157  7907  7277  8171  8552 11309 10392 11989 
10342 10353 11557 12111 11381 10635 10480 11669 10654  9994 10679  9503  9685  8537  8697  9847 10553 11666 11364 12331 
 8769  9490 10156 11929 11751 11295 10500 11200 10737 10400 10323  8473  8719  8254 10913 10518 11772 10717 12615 12666 
 9090  8801  8565  9129 10562 10390 11110 11199 11929 10259  7822  7983  8202  9801 10732 11256 10803 11673 11398 12308 
10123  9722  9995  8307  8868  8380 10355 11063 10975  8597  6407  9057 10133 10883 10902 11064 10794 10929 11363 11974 
11915 10569 10163  9431  8952  8858  9335  9374  8358  6966  7477  8613  9695 10082 10808 10533 11308 10093  9901 10510 
11528 10933 11769 10414 11684 10269  9684  8336  7485  8332  9718  9252 11133 10826 11547 11270 11112 11479 11447 11924 
11573 10337 12032 10986 11312  9707  8642  6526  8596  9976 10405  9540 11371  9973 11954 11203 12458 12988 11338 11976 
11423 11708 11976 10511 10744  8663  7445  7494  9853 11013 10551 11484 11871 10558 10139 10571 12717 12212 12247 11494 
10924 11010 10741  8476  9039  7386  8977 10172 10958 11710 11347 11351 10695 10531 11244 10150 12357 11011 11389 10498 
 9334 10834  9551  6504  5931  4779  6815  8162  8684  8085  7081  7893  7258  7373  8559  6957  8471  6682  7454  6605 
 6610  6634  4706  3248  2478  2633  3515  3746  3482  3764  3288  3029  3518  3777  3549  3400  4053  3133  2824  2781 


