 4831  7714  8451  8062  8189  6236  7276  6490  6801  7101 
 7247 12005 11083 12661 10925 11356 11289  9330 11108 10128 
 5694  9344  9647 10839 10179 10693  9932 11941 11231 10508 
 6584 11125 11412 10095  9920  9226  9837 10834 11458 10612 
 7004 11129 10808 11779 10936 10914  9932 12637 11528 10751 
 6669 10320 10901 12389 11383 10810 11075 11027 12116 11917 
 6428  9969 10557 10484 10086 11473 10293 10660 11660 11900 
 6805  9597 10163  9615 10621 12459 10694  9838 10361  9920 
 7458 11657 12070 12431 11322 11544 11135 11322 10197  9567 
 6422  9259 12061 11560 11573 11996 11276 10327 10869  9776 


 5336  8855  8782  9260  8977  6941  7856  7909  6817  7332 
 7861 12446 11365 12924 11426 10729 11866 10945 11196 11536 
 6675 11109 11288 10831 10726 10337 10636 11503 12268 11514 
 6677 11381 12371 11488  9169 11271 10286 11523 12357 11392 
 6913 11176 10561 13057 11745 11132 10709 11355 11089 10862 
 6589 10644 11378 12682 12362 12467 11219 11890 12073 12491 
 6396 12166 10087 11115 10873 12710 10171 11141 12128 12659 
 6725 10959 10853 10421 10795 12845 10926 10625 10587 10465 
 7360 11295 12456 12278 11814 12204 10689 11420 11182 11476 
 7277 10084 12619 11577 11585 11266 11681 11611 11575 11133 


 6048  9542  9279 10038  9437  7223  8044  7289  7259  7536 
 8704 13053 11362 14685 13063 13047 12131 12464 12917 11624 
 7794 11471 12917 12203 12819 12572 12267 13926 13199 12920 
 9089 12020 13386 11122 11250 13047 11654 12116 13215 12649 
 8729 12324 11696 13404 12268 12601 13233 13507 12797 11604 
 8404 12066 13213 14263 14035 13636 14264 13289 13241 13675 
 7639 11382 12327 12503 12996 12509 12157 13591 13737 14753 
 9313 12146 11811 11898 11849 14166 12220 11378 12092 12175 
 8749 13209 13961 14800 13422 13211 13135 12709 11890 12057 
 7716 10790 14084 14123 13342 13993 13511 12057 12854 12263 


 5783  8005  7964  8755  8374  7308  7308  7323  6629  6244 
 6830 10902  9770 11732 10534 11438 10574 10776 10842 10557 
 6288  9853 11100  8939  9826 10447  9665 11558 10696 10021 
 6265  9940 10948 10148  8540 10769 10429 10007 11143 10614 
 6202 10370 10173 12454 10867 11401 11374 11244 11942 10448 
 5255 10317 11114 11574 11094 11494 10754 11036 11559 11500 
 5999  9692 10184  9862 10030 11273 10286 10212 11075 12185 
 6595 10111 10459  9722  9719 11754 10721 10630 10089  9886 
 6929 11909 11385 11427 11258 10765 10184 11242 10753  9713 
 5984  9479 10767 10389 11371 11284 10864 10789 10627 10052 


