Kernel           0



Depth           0

          4           7          23 
         10          25           5 
         19          14           5 
Depth           1

         13          24          11 
          1           3           2 
         22           4          15 
Depth           2

         25           0           1 
          4          14           7 
         19           6          25 
Depth           3

         24          18          11 
          0           2           1 
         11           7          15 
Depth           4

         14          18           0 
         25          17          10 
         15          23           3 
Depth           5

          5           9          10 
         21           0          24 
          5          25          15 
Depth           6

          3          17           0 
         11          15          25 
         25           8           1 
Depth           7

         25           4          16 
         11          20           8 
         18          19          16 



Kernel           1



Depth           0

         11          12          18 
          8           1          24 
          6           5           4 
Depth           1

         22           3           1 
          5          14           6 
         17           8          24 
Depth           2

         18          10          20 
         14          20          11 
          6          12           7 
Depth           3

         19           7          12 
         16          12           8 
          5          24           7 
Depth           4

         14          10           3 
         12          18           2 
         20          10          19 
Depth           5

         12          11          22 
         18          24          19 
          3          20           2 
Depth           6

         24          16          20 
          1           8          22 
          5           6          10 
Depth           7

         13          15          15 
          3          21          17 
         21          16           2 



Kernel           2



Depth           0

          5          14          25 
          5          15           3 
         25          12          13 
Depth           1

         15          11          13 
          8          11           0 
          6          10          24 
Depth           2

         24           5          25 
         12          14           8 
         20          22          16 
Depth           3

          4          17           4 
         17          24          13 
          7           9           5 
Depth           4

          8          21           1 
         10          22          23 
         13          17           1 
Depth           5

         17          17           8 
         15           8          11 
         12           9           7 
Depth           6

         15           2          19 
         13          13          23 
          2          20          23 
Depth           7

         11          21          22 
          5          19           0 
         14          23          15 



