10794 11112 11527 11615 11687 12850 11090 11799 12030 11163 10937 11908  9724 11003 12472 10114 10146 11771 10541 11125 12780  9790 11262 11045 11590 10148 11640 11165 11012 12956 11655 11518 12157 12168 11674 12953 11867 11547 12714 10925 11058 11919 11001  9814 11004 10572 12246 12327  9198  9059  9884  9735 10213 10621 
12404 10689 12464 11646 11485 12280 10170 10125 11983 10531 10971 11909 10186 10184 11173 10150 10150 11205 10016 10189 10806 11018 10711 11584 11455 11612 12368 12464 12224 12059 13568 13612 14393 12044 12564 12519 11346 12249 12480 10305 10698 11365 11095 11631 12472 12144 11566 12065 11922 10917 11476  9070  9255 10126 
12917 12496 12179 10881 11707 12650 12402 12361 12011 11561 11330 11867  9913 10371 10260  8245  9450  8812  9315  9594  9038  9766 10541 10924 11722 12580 11721 12276 12938 13110 11829 12459 12578 11564 12069 12979 10458 10899 10886 11607 11305 11509 11142 11273 12341  9910 10797 11657 10591 11147 11117  9101  9967 10641 
12706 12924 14203 11965 12880 13760 11297 11157 12579 11532 11484 12396 11236 11149 12014 10847 10174 10407  9333  9244 10310  9908 10228 11518 12090 11868 13228 11711 13636 13954 11386 11787 12447  9961  9640 11506 10872  9499 10850  9790 11186 11377 11011 10799 10629 10080 10158 10572  9650  9919 11085 10260 10562 10645 
12821 13484 13932 12586 12563 12482 11565 12681 12718 10801 10387 11283 10355 11265 11272 10455 10078 10239 10116 10563 10716 10034  9794 11064 12184 11227 10841 11989 12264 12643  9957 10754 11508 10915 10085 10494  9785 10506 10443 10332  9465 10248  9115 10759 11223 10467  9105 10495 10049 10819 11627 10190 10601 11671 
11921 12359 13442 11915 12331 13920 11201 12107 13421 11635 11434 12305 12481 12013 12289 12225 12192 13449 11218 10435 12000 11045 10577 11825  9126  9658 10582 10175 10834 10985 10394 10446 11168  9959 10980 10749  9448 11515 10925  9084  9647 10279 10409 10579 10771  9942 10657 11517 10019 10497 10813 12151 11028 12204 
12616 11776 12705 12237 12753 12863 12323 12185 12562 12083 11546 11687 11851 11486 12158 12672 12570 12838 11806 11116 12250 11157 11048 10811 10837 10638 11164 10855 10140 12127 10259  9919 11419  8984 10695 11297 10977  9704 11539 11365 11574 11396 11506 11411 12408 11747 11644 11509 11010 11484 11740 11329 11528 11969 
10013 11365 11258 11393 11492 12600 13181 13564 13421 12576 12459 12867 11093 11240 12334 11241 11647 13090  9240 11479 11453 11071 12078 11786 10632 11452 12349 11537 12809 12017 10024 11077 11035 11856 10289 10870 10968 10892 11753 11352 10313 10912 10003 11267 11755 10251  9976 12296 10549 10522 11650 10238 11611 12367 
11170 10762 12057 10730 11226 11776 12362 11821 12662 11023 11478 11690 10744 11402 11691 10837 10996 11272 11661 11840 12151 11913 11010 12042 11495 11941 12836 11748 12397 14125 11612 11614 12535 12047 11639 12191 11535 11444 12414  9891 10450 10857  9800 10047 10308 10032  9385  9688  9283 10006 10305 10411  9612 11040 
10165  9162  9523 10550  9990 10266 10586 10988 11449 10004 10488 10875  9411 10134 10980  9344 11133 12197 12609 10893 13213 11796 11385 12261 12464 11308 11944 11166 11453 11458 11991 11868 12284 11240 10919 12106 10928 11412 11011  9564  9739  9464  8539  8901 10201  9551  9831 11036 10870 10964 11607 10738 10304 10982 
12399 11624 13189 10589 10969 11829 10444 10797 11614 10081  9095 10004  9817  9762  9491 11052 11208 11533 12813 13091 13026 12083 11428 12547 10377 11080 11435 10528 11114 11472 11672 12073 12126 11579 11601 12217  9966  9729 11631 10312 10569 11030 10390 10845 10954 10735 10945 11818 10519 11326 11614 10393 10242 11707 
11583 12075 11733 12524 12304 12652 11056 11027 12662 10615 10192 10202  9777  9381 10123  8867 10662 11387 10787 11327 12159 11234 12209 11847  9786 10126 10268 10223 10016 11685 10053 11116 11180 10838 11470 10973  9859 10722 10651  9237 10198 10619  9544 10074 11428 10741 10573 11752 11332 11924 12356 10287 11060 11538 
11894 12579 13733 12309 13048 13996 12344 12248 12411 10628 11383 11765  8362 10607 10072 10713 10350 10110 10174 10495 11385 11706 11476 12092 11049 10910 11515 10192 11035 11035 10297  9789 11286 12141 11968 13139 12116 11797 13418 12240 11827 12786 10651 10383 10825 10770 10993 10604  9718 10481 10185 11517 10068 11804 
12769 12375 12652 11125 11401 12136 10568 10989 11050 10862 10973 11871 10497 10600 11543 10995 10149 11448 11773 11091 11415 10950 12227 12354 11043 10733 12332 10257 11219 11501 10472 10131 10306 11295 12299 12083 11282 11282 11797 11171 11684 11788 10549 10357 11501 10558 10286 10831 10141 10739 11519 11150 10192 11158 
11344 10572 11686 10730 11350 13318 10157 10732 11543 12462 11461 12027 11550 11588 11463 11737 11055 12685 11133 11817 11742 11475 11125 12861 10840 10949 11484 11686 11311 11105 10669 10190 10433 11887 12242 12576 10979 11842 13088 11359 11000 11139 10198  9984 10967  9597 10340 10118 10609  9889 11710  8977  9781  9630 
10189 10048 11270 10046 10830 10459 10349 10416 11673 10974 11273 12024 11627 11654 12202 12090 12360 12740 10690 10845 11591 10829 10769 11719 11548 11045 11372 10933 11257 11964 10120 10811 10808 10583 10743 11486  8086  9240  9776  9607  9583 10898  8795 10173 10609 11227 10040 10484  9616 10537  9885  8610  7633  9594 
10913 11155 11470 10205  9361 11624 10448 10532 11045 10917 11696 12610 11559 11610 13690 13351 12744 14254 11808 10952 11673 11474 11898 11600  9415 10316  9655 12093 11749 12423 10612 10205 11426 10613 11158 11572  9197  8558  9013 11043 11214 11776 11104 10651 11431 10046 10834 11536  9313  8774  9637  8343  8800  8172 
11462 11320 11030  8587  9371  9378  9429  9440  8929  9810 11072 10721 12291 12482 13089 12758 13111 13320 11924 12353 12109  9734 10841 11345 10817 11410 12130 10993 12157 12742 11584 11120 11803  9726 11259 10677  9890  9167 10578 10644 11807 11836 11941 11396 12158 10447 11037 11348  8955  9621  9514  9093 10140 10266 
