Kernel           0



Depth           0

         13          17           2 
         10          18          22 
         20          13          15 
Depth           1

         23           7          19 
         13           1           0 
         23          10          17 
Depth           2

         25          14          14 
         20          17          19 
          4           3          10 
Depth           3

          6           6          11 
         20          22          19 
          9          22          10 
Depth           4

         16          17           0 
         24          21          17 
         25          21          20 
Depth           5

         11          19           6 
          3          20          21 
         13          14           9 
Depth           6

         21          14           1 
         15          16           5 
         10           1          22 
Depth           7

          4          21           5 
          4          17           1 
         16          15          16 
Depth           8

          3          23          15 
         11          17          23 
         25           2          14 
Depth           9

         22           2          13 
         23           3          16 
         12          11           9 
Depth          10

          9          20          22 
         25          17          14 
          7          17          16 
Depth          11

         17          24          25 
         15          15          19 
          0          12          14 
Depth          12

         22          15          24 
         10           9          20 
         23          12           7 
Depth          13

          8          20          19 
         22          15          14 
         10          24           4 
Depth          14

         11           4          22 
         11          19          25 
         25           8          17 
Depth          15

         24           0           0 
          6          23          25 
         15           3           7 



