21111 23268 23748 21492 20755 23011 26250 24393 23672 23286 23547 24656 22594 21060 20483 22949     x 
22388 24899 23720 23514 21730 22740 22987 23294 22618 22156 22189 21950 23247 23400 23365 24224 23762 
24234 23592 24063 22705 22238 23743 22695 22871 21950 22703 20815 20036 20472 21766 21207 22604 22214 
23506 24214 23759 22164 21349 22576 23080 22662 22501 21859 21425 20635 19695 20700 21873 21561 22797 
23311 22782 23499 20928 20599 22133 22608 22037 21882 22037 21476 19658 19993 18758 20653 20366 21102 
21637 22499 21315 20970 20505 21268 21619 21595 21823 23288 23612 22142 21857 21446 21562 21627 22234 
22547 21765 18494 21872 22741 23053 22042 22584 23215 24376 24713 23529 22238 23354 22879 22552 23100 
21226 22168 21931 23548 19332 19796 18094 18939 19829 21071 20665 21714 19988 20795 19719 20714 20170 
21223 22523 22910 23887 20818 18755 19560 20798 21247 22066 21309 22232 22802 21955 22314 22000 21457 
20559 22314 23014 24006 21888 19477 20067 21038 21456 21410 21937 21936 22312 23387 23597 21787 21493 
20607 22193 23265 24146 23413 22354 22243 22265 22890 22755 22651 24391 23916 23096 23281 22724 22935 
21129 23178 22789 22259 23628 21483 22130 21074 22455 22644 22368 22682 22800 22930 22117 19908 20737 
22975 24213 23652 22063 23854 23534 22153 22599 23080 22873 23122 23165 22427 22686 22135 22965 22303 
22677 23736 24818 21355 21493 21501 22492 22831 22038 22633 22647 22770 21905 21163 21564 21553 22645 
22057 22976 23284 21898 20986 20474 22269 22710 22142 23871 22230 22401 21933 20799 21426 21568 21960 
22315 22607 21975 20755 22281 20975 22728 22713 23861 23193 24471 23906 23266 24631 23664 23751 23383 
22972 23057     x     x 24667 23170 23974 24600 25446 25943 24959 25008 25079 24150 26424 25088 24679 


