   89   97   71   68    0   71   50   36   86   32
   21   67   34   53   87   26   66  100   99   65
   96   37   82   53   20   14   36   86   36   28
   37    4   19   24    0   68   76   53   99   13
   97   62   51   19   65   48    4   45   42   98
    4   79    4   58   77   35   24   92   85   44
   99   36   97   31   87   97   38   16   44   80
   98   65   46   24    0   92   11   83   47   10
   87   81   67   64   29    3   77   62    4    5
   32   83   31   66   99   37   43   33   87   48
