Kernel           0



Depth           0

          8          21          12 
         21          14           0 
         18           9           4 
Depth           1

         21          23          14 
         12          19          15 
         16          15          22 
Depth           2

          0           5           9 
          0           9           1 
         24           1          17 
Depth           3

         19           0           2 
         15          20          21 
         23          22          15 
Depth           4

         21          19          16 
         22           7          10 
         10           5           5 
Depth           5

          9          20          24 
          1           9           0 
          8          17          23 
Depth           6

         13           4           0 
         21          16          12 
         14           5          22 
Depth           7

          8           4          16 
          0           4           7 
          6          20          11 



