 4418  5919  6012  6230  7069  7013  7379  6956  6259  6622 
 6377  9257 10651  9990  9919 10564 11367 10262  9443  9932 
 6035  9548 11703 12314 11692 11246 11645  9756 10160 11387 
 7571 11566 11508 11495 10667 12441 10807  9729 10108 11358 
 7056 10366 12033 11927  9954 12403 10659  8888 10405 10898 
 5578 10983 11348 10473 10284 12039 12758 10886 10849 11173 
 7780 10507 10485  9810 10272 12136 11520 11606 12380 11168 
 8000 10027  9082 10588 12448 10607 11825 12689 11760 10464 
 7599 11412 11334 10705 11175 11508 11970 12511 10706  8496 
 7152 11037 11254 11829 12082 11305 10698 10079 10394 12621 
