Kernel           0



Depth           0

          7           1          23 
          2          15          24 
         11           0          15 
Depth           1

          0          10          23 
         20          10          14 
         12          22          16 
Depth           2

          8          21          21 
         15           0          11 
         24          21          18 
Depth           3

          6          21           5 
          3          22          13 
         24           0          13 
Depth           4

          1          21          25 
         20          23           1 
          0          24          19 
Depth           5

         13           4          23 
         22           8           9 
         15          23           6 
Depth           6

          2           8           1 
          9           4           5 
          3          11           0 
Depth           7

          8          24          25 
          3          14          25 
         16          14          19 



Kernel           1



Depth           0

         17           6           4 
          2           3           8 
          7          16           7 
Depth           1

         11          18          23 
          4          19          20 
         19          16          18 
Depth           2

         20          13           3 
         12          23          14 
         20          14          16 
Depth           3

          6          10          19 
         15          11          17 
         19          12          21 
Depth           4

         11           0           3 
         20           8           7 
         17          17          23 
Depth           5

         15          18          12 
         21           1          10 
         23           3          11 
Depth           6

         11           3          12 
          5          18           5 
         24           1          24 
Depth           7

          8           9          17 
         18          15          16 
          7          22          24 



